%YAML:1.0
---
start_point : [ -1.0113800000000001e-01, 3.2242300000000002e-01,
    -3.0174099999999999e+00 ]
loading_point : [ 1.9922400000000000e+00, -3.1133099999999998e+00,
    -8.9381399999999999e+01 ]
unloading_point : [ -2.4897000000000000e+00, -5.7954800000000004e+00,
    8.9967500000000001e+01 ]
first_rest_point : [ 1.8750899999999999e+00, -1.4734499999999999e+00,
    -6.7572100000000006e+01 ]
second_rest_point : [ 1.8009299999999999e+00, -7.2809799999999996e+00,
    8.9967500000000001e+01 ]
