%YAML:1.0
---
start_point : [ -2.2039000000000000e-01, 1.0767200000000000e-01,
    3.4833799999999999e+00 ]
loading_point : [ 2.1830500000000002e+00, -2.7597999999999998e+00,
    -8.7010499999999993e+01 ]
unloading_point : [ -2.0133299999999998e+00, -5.9875100000000003e+00,
    8.9906899999999993e+01 ]
first_rest_point : [ 1.8750899999999999e+00, -1.4734499999999999e+00,
    -6.7572100000000006e+01 ]
second_rest_point : [ 1.8009299999999999e+00, -7.2809799999999996e+00,
    9.2314300000000003e+01 ]
