%YAML:1.0
---
start_point : [ 3.6444200000000003e-02, 3.4471500000000002e-02,
    -2.1075400000000002e+00 ]
loading_point : [ 2.2344800000000000e+00, -3.2498999999999998e+00,
    -9.3731399999999994e+01 ]
unloading_point : [ -2.1596700000000002e+00, -5.6277900000000001e+00,
    9.7136300000000006e+01 ]
first_rest_point : [ 1.8750899999999999e+00, -1.4734499999999999e+00,
    -6.7572100000000006e+01 ]
second_rest_point : [ 1.8009299999999999e+00, -7.2809799999999996e+00,
    9.7136300000000006e+01 ]
