%YAML:1.0
---
start_point : [ 3.6444200000000003e-02, 3.4471500000000002e-02,
    -2.1075400000000002e+00 ]
loading_point : [ 2.2770700000000001e+00, -3.5146299999999999e+00,
    -8.7546999999999997e+01 ]
unloading_point : [ -2.1720700000000002e+00, -5.5338500000000002e+00,
    8.9140100000000004e+01 ]
first_rest_point : [ 1.8750899999999999e+00, -1.4734499999999999e+00,
    -6.7572100000000006e+01 ]
second_rest_point : [ 1.8009299999999999e+00, -7.2809799999999996e+00,
    9.7136300000000006e+01 ]
