%YAML:1.0
---
start_point : [ -2.8746699999999997e-01, -1.8958000000000000e-01,
    -5.3476900000000001e+00 ]
loading_point : [ 2.0173399999999999e+00, -3.4642100000000000e+00,
    -8.6299300000000002e+01 ]
unloading_point : [ -2.4026999999999998e+00, -5.6779799999999998e+00,
    8.8649699999999996e+01 ]
first_rest_point : [ 1.8750899999999999e+00, -1.4734499999999999e+00,
    -6.7572100000000006e+01 ]
second_rest_point : [ 1.7189099999999999e-01, -7.6475799999999996e+00,
    -1.7680000000000001e+02 ]
