%YAML:1.0
---
start_point : [ -3.1363200000000001e-02, -6.1387999999999998e-03,
    3.9793599999999998e+00 ]
loading_point : [ 2.4141400000000002e+00, -3.6189900000000002e+00,
    -8.0518600000000006e+01 ]
unloading_point : [ -1.8237900000000000e+00, -5.3862300000000003e+00,
    9.0145099999999999e+01 ]
first_rest_point : [ 1.9095299999999999e+00, -1.5542199999999999e+00,
    -5.7170499999999997e+01 ]
second_rest_point : [ -3.7747799999999998e-01, -2.3923899999999998e+00,
    1.4689400000000001e+02 ]
