%YAML:1.0
---
start_point : [ 1.2000000000000000e+00, 1.5000000000000000e+00,
    6.0600000000000001e+01 ]
loading_point : [ 3.5000000000000000e+00, 4.9000000000000004e+00, 70. ]
unloading_point : [ 3.6000000000000001e+00, 4.5000000000000000e+00,
    7.0555000000000007e+01 ]
