%YAML:1.0
---
start_point : [ -2.2039000000000000e-01, 1.0767200000000000e-01,
    3.4833799999999999e+00 ]
loading_point : [ 2.2233399999999999e+00, -3.0054099999999999e+00,
    -8.8173500000000004e+01 ]
unloading_point : [ -2.0393500000000002e+00, -5.9789890000000003e+00,
    9.2314300000000003e+01 ]
first_rest_point : [ 1.8750899999999999e+00, -1.4734499999999999e+00,
    -6.7572100000000006e+01 ]
second_rest_point : [ 1.8009299999999999e+00, -7.2809799999999996e+00,
    9.2314300000000003e+01 ]
